region	S_AFR	singletons_AFR	pi_AFR	tajimasd_AFR	meanrsq_AFR	S_EUR	singletons_EUR	pi_EUR	tajimasd_EUR	meanrsq_EUR	S_EAS	singletons_EAS	pi_EAS	tajimasd_EAS	meanrsq_EAS	S_SAS	singletons_SAS	pi_SAS	tajimasd_SAS	meanrsq_SAS	Fst_AFR_EUR	Fst_AFR_EAS	Fst_AFR_SAS	Fst_EUR_EAS	Fst_EUR_SAS	Fst_EAS_SAS
1	0.012051763311271363	0.002963548355230663	0.0012788960463527772	-1.1181792180589507	0.047960246081885496	0.0086436827027561	0.0033586881359280846	0.0004753649529424602	-1.4205591894084988	0.047491899866907515	0.004939247258717771	0.0012348118146794428	0.0005223515530436061	-0.968322457934534	0.13184050492003355	0.008297935394645855	0.002765978464881952	0.0005704201848212884	-1.1452971188449212	0.05564837767685485	0.2187477269543794	0.1018601254106648	0.1703329424364908	0.0666144552445125	0.0097625965160727	0.045384308073279
2	0.014079689904805336	0.0032491592088012312	0.002040365629354081	-0.15895091768850578	0.09489212496600681	0.011457561420509604	0.0027361340705694577	0.0019673992609209852	0.7537564763286406	0.1131427339430112	0.008208402211708373	0.0007410363107792281	0.0021938555479742447	1.5347480053062577	0.2179304139097513	0.015390754146953201	0.0041612038989910505	0.002094854348009361	0.18060755637725634	0.10090460865516261	0.0182197530650493	0.0	0.0598996918555885	0.0866110269884819	0.0740277810311764	0.0183572686385437
3	0.007175376088677752	0.0019299287410926365	0.0009900064504764464	-0.3928144238066	0.0570491871808959	0.006828978622327791	0.003068091844813935	0.0006202263882426029	-0.777803652304509	0.031241806910011584	0.003463974663499604	0.0005938242280285036	0.0006917237614722898	0.3961729433317875	0.15314528187971868	0.008461995249406176	0.0038103721298495645	0.0006923094562164709	-0.992864763666077	0.01994420263520404	0.1130843204300227	0.0325470267390869	0.0892736033273735	0.0599462216236883	0.0336928236720109	0.02216019067373
4	0.006968026460859978	0.0018081587651598678	0.0007391687853297782	-1.0066421579837466	0.043275572809469066	0.007673649393605292	0.003219404630650496	0.000450866046575788	-1.3014541311291958	0.024434139634914167	0.0021168687982359427	0.0008820286659316428	0.0003717463208858636	0.1680477319560704	0.1059753321800173	0.009525909592061742	0.004057331863285557	0.0004871437271294045	-1.5723105895488312	0.01601182575379729	0.2136805641508748	0.1839822998069768	0.1924145680385026	0.0109770347820145	0.0	0.0145160501809001
5	0.00835219312425908	0.0015087832740597047	0.0015984978631925	0.4353283522039075	0.10478145419893983	0.00980709128138808	0.003771958185149262	0.001106205245923035	-0.4472222554003848	0.06687575029541373	0.006304558680892337	0.001239357689406186	0.0009364141002553126	-0.310517121452884	0.1509598570263333	0.010777023386140748	0.003771958185149262	0.001380233310080757	-0.1336005569926735	0.0589542513767593	0.1993426744359088	0.1553330449806956	0.0847300320068688	0.0251706325981929	0.0889797638246345	0.0686277356558405
6	0.008614232209737827	0.0017322097378277153	0.0014300834539812464	-0.20332368997534536	0.11656110794779395	0.009363295880149813	0.003089887640449438	0.0003022660906963818	-1.8711241017373155	0.10625261122314421	0.0028558052434456927	0.0011235955056179776	0.0003680251970432723	-0.4759983099236198	0.14932844269464698	0.009925093632958801	0.003979400749063671	0.00026850539986065	-1.9911199668035098	0.08105244769732556	0.4239981997098763	0.1400600639896677	0.4505689085145475	0.0200531893440498	0.0039387874873561	0.0293969405848138
7	0.008518930957683742	0.0025055679287305124	0.0010483824828731172	-0.807591951174653	0.04696599368831321	0.007850779510022271	0.0027282850779510024	0.0007737370281191843	-0.5706990796136389	0.04354944923896089	0.005233853006681515	0.0016146993318485524	0.0009739193955931635	0.37946030823682947	0.10214507888071296	0.009020044543429844	0.003285077951002227	0.0009814364055953705	-0.5212748346710014	0.02938766254326695	0.2400001127359467	0.1090933041605105	0.0668697035846413	0.1657975480991294	0.0662225174196343	0.0869088843900465
8	0.010188374990837792	0.003774829582936304	0.0011497375093961154	-0.8907818948453042	0.05083696766578695	0.010664809792567616	0.004654401524591366	0.0006219494526312158	-1.431169019952569	0.03553205276223258	0.0031517994575973028	0.0011361137579711208	0.00043189203600339776	-0.5683128655904112	0.04373141091588779	0.010628160961665323	0.004617752693689072	0.000545622450489841	-1.5635030953645133	0.02178022023725955	0.1499635641908844	0.0814818011092902	0.156281456319196	0.0433178530582257	0.0047493190162394	0.0615844538784698
9	0.009605189297074783	0.0023077402856608244	0.0011380510417870234	-0.7636812577242914	0.04604290579939065	0.010478388324081581	0.004677851930393564	0.0008861303695228274	-0.7744236472127889	0.03477998346848417	0.004677851930393564	0.0008731990270067984	0.001122015205400289	0.96319001183403	0.12321486917929958	0.011102101914800723	0.004365995135033993	0.0009922401705613549	-0.6657592525149497	0.022597705367106913	0.0862841378287919	0.0843235666154921	0.0709702362884109	0.2111389344027827	0.0	0.1453411564009044
10	0.007615317667536988	0.0020126196692776327	0.0009050598182948986	-0.8183733421642383	0.054155757142288014	0.009682332463011313	0.0035900783289817234	0.0009367789993035338	-0.6042627982768121	0.03654087077427885	0.005330722367275892	0.001468668407310705	0.0010080280010181246	0.35179812916257247	0.09811369345004126	0.011151000870322019	0.004297214969538729	0.0009310017781473488	-0.9060587398326508	0.02289540573056175	0.0462891469095033	0.0594112444009391	0.0773201951872304	0.056278093010576	0.0582224790422761	0.0759379483708708
11	0.011583508516023853	0.003475052554807156	0.0011528756535423774	-1.147837449828897	0.06611079362863456	0.008580376678536188	0.003389248788021794	0.0006169200274611648	-1.1032980489516888	0.05434206479100438	0.0037324638551632415	0.0012441546183877472	0.0007258724455105034	0.34213619630791453	0.13980766221429247	0.009524218113175168	0.0039040713887339654	0.000733784895400661	-1.0459049383809815	0.041027933083894554	0.1278156419930929	0.0544729453657534	0.1103072225891332	0.0574824001842176	0.0394627510670839	0.0098981476807787
12	0.0094439307885352	0.0032360322282393343	0.0009412577765503409	-1.249367172149808	0.027972016599353132	0.007726852463346982	0.0031699907541936335	0.0005537451931239897	-1.4037655061909482	0.02241000853302776	0.0033681151763307357	0.0011227050587769118	0.0005715127561647177	-0.026099576576742594	0.06373068548384057	0.0073966450931184785	0.004028529916787742	0.0005738786280029866	-1.2423282622249532	0.01117026234454887	0.1793926510565259	0.0391793100869797	0.1264500089657985	0.0629030178074406	0.0	0.0128680465368737
13	0.0064662914621003474	0.0016165728655250869	0.0006694222338781768	-1.2149172052341666	0.03996431019056537	0.0076637528439707815	0.002514668901927913	0.0006624245319421697	-0.8572759125411209	0.06797466226313341	0.004370734043827086	0.0010777152436833913	0.0005032169036870373	-0.8348875530833548	0.20808624238083803	0.009639564124056999	0.0038318764219853908	0.00027441118397013563	-1.9918912403605415	0.045599888496150466	0.1548657930315977	0.1452680539267465	0.3263266413857076	0.0227006453281409	0.1623961668380124	0.0277922420136887
14	0.007496503496503496	0.0017342657342657342	0.0008548887404448092	-0.8201743795704647	0.0406467672625146	0.005706293706293706	0.0024615384615384616	0.0003520721373060772	-1.2397837559913556	0.03148814605301698	0.002013986013986014	0.0007272727272727272	8.254398889850395e-05	-1.674489564554991	0.12128245252764085	0.008	0.004195804195804196	0.00022913920803415973	-1.830043772642362	0.01050601964582627	0.2420694064212405	0.1821044060275852	0.3033577739318595	0.0851540102852702	0.0794134924694023	0.0408416526241209
15	0.01005586592178771	0.0012937371361364306	0.0018712702512779264	0.3242453318451936	0.19503541900371896	0.010526315789473684	0.004116436342252279	0.0005995731526537098	-1.480309748676144	0.18466503757938607	0.008232872684504558	0.001058512202293443	0.000728598524643166	-1.2913789660471773	0.32279745128202686	0.012643340194060571	0.004234048809173772	0.0013959038781758421	-0.5215786640690536	0.12140772073311068	0.1804102445892134	0.1435421505579171	0.0529786702507363	0.222784151718124	0.0234049201818187	0.1078454378124181
16	0.009702326526465509	0.0023366859697246775	0.0006548147660566965	-1.6672640148194346	0.09650337585339915	0.00568932236106878	0.0030986487859392463	0.0002479472619289898	-1.5805039746328764	0.01893237057747657	0.004673371939449355	0.00325104134918216	0.00029347083284112077	-1.5820491615571242	0.283539506318488	0.010311896779437163	0.0042161942497206135	0.0003853284896549349	-1.8311297894392493	0.07445154456384219	0.283218613274403	0.2248373731955964	0.1931801854215014	0.0826686185824275	0.0121548541717004	0.071315395842469
17	0.01293461153240807	0.004063528401774217	0.0015300418578085542	-0.7145286842453283	0.06248868971662181	0.010845614537129775	0.0042924595793389616	0.0014577895407646313	-0.03235870475587138	0.05804323868140496	0.005580197453140649	0.001201888682214909	0.0013868398283037426	1.1608707871317816	0.2201759718074089	0.011303476892259265	0.004321075976534554	0.0013990598415622843	-0.11300291295157805	0.053595066567280435	0.1021565171256781	0.0550951791005401	0.0766130731762246	0.066171698205913	0.0049398700586703	0.0536761106700212
18	0.010853274071011422	0.0023257015866453047	0.001313089205195541	-0.9067284736164404	0.042503308184566	0.01038813375368236	0.0036694402811514805	0.001169774798916706	-0.4658766951547082	0.04238273530987989	0.004651403173290609	0.0008785983771771151	0.0009307175619556666	0.4621750730632492	0.11630566660504574	0.010646545041087394	0.0034110289937464467	0.00105892380800928	-0.7189123457297423	0.030159219119260578	0.1104931691055049	0.2105915451262761	0.1872465891626039	0.0571135495927664	0.0176337146534507	0.0278324895093605
19	0.00791488257428312	0.002205786946931361	0.0006539534817934246	-1.442613985361778	0.0200831723921228	0.007395873880887505	0.00253016738030362	0.0003779804561085892	-1.497068352441609	0.027979813472160695	0.004022317373816011	0.001557026080186843	0.0003600279263707767	-0.8866637350756629	0.047663817923925204	0.009212404307772155	0.004541326067211626	0.0004975242855509219	-1.4336116138535457	0.010920171412300603	0.2234689070082373	0.1507672765021277	0.109464779425306	0.0829361089756012	0.0618680340232488	0.0376970386426707
20	0.009816303099885189	0.0018943742824339839	0.0013252075264348934	-0.7287013144379915	0.05885319702648458	0.009873708381171067	0.0033869115958668197	0.0010660933251311613	-0.5021501698859019	0.05484730989812345	0.007003444316877152	0.001148105625717566	0.0012946106872378518	0.2282596723131182	0.11279661120211622	0.013088404133180253	0.0054535017221584384	0.001222692971811068	-0.862808215185035	0.026727530823086036	0.1674645675186952	0.0607441222848241	0.0625022963620833	0.2102589611237276	0.0671293216775742	0.0573467644734552
21	0.008178975222516238	0.0016839066634592255	0.0011655960456161693	-0.5055562218218673	0.10491725005182864	0.009562184267500601	0.003187394755833534	0.0009359619326907804	-0.7042068448987064	0.0739401424799481	0.003367813326918451	0.0009020928554245851	0.0008319496326237184	0.8656365469189385	0.187867620208995	0.01082511426509502	0.0036685109453933125	0.0009168177884417353	-0.9969722652547428	0.05075457401894249	0.0702087009663859	0.1258739221999107	0.0982017474352122	0.0152927905924923	0.1031492127285348	0.0352570668670242
22	0.008598085249100555	0.002256235136288798	0.0009897798827605434	-0.9037196404334273	0.046603701568670414	0.008293188609061529	0.0034148423684371	0.0008686663964406698	-0.4743332438319264	0.040696883676246715	0.0033538630404292944	0.0007317519360936643	0.0008570161883460423	1.3915321677096104	0.18571606299986457	0.007988291969022501	0.0035977803524605157	0.0008136490525637728	-0.5716150278670376	0.041869928539543015	0.2569257707297948	0.1954391415502502	0.2687021970697795	0.0244225266582736	0.0	0.0211036231420619
23	0.007622366200250449	0.002395600805792998	0.0011146456420879577	-0.4210710331911132	0.05949031337606083	0.007241247890237927	0.002776719115805521	0.0008904429889560823	-0.19874878866849086	0.03679062803968975	0.0030489464801001795	0.0008166820928839767	0.0005351882750146653	0.14089644028402418	0.17586977863152092	0.009092393967441607	0.0038111831001252246	0.0007693667384228188	-0.9246906308786969	0.02596962323974339	0.0976990467679111	0.1248788073822706	0.1276906974304776	0.1411967746246799	0.035732174395925	0.0568674127938667
24	0.008260608886816335	0.0016987542468856172	0.0010246685972135372	-0.7966473359032663	0.056298677807098726	0.00945972953167677	0.004763173672640064	0.0008344014586321916	-0.8529702645093293	0.02856623439164837	0.003330890680167877	0.0006661781360335754	0.0007602547553322785	0.6890356024453715	0.13587596698380708	0.009326493904470056	0.004363466791019919	0.0008744646906912016	-0.8114366556203068	0.02224558269767139	0.0490531803807085	0.0637700896072705	0.0332952741343404	0.1031542379186866	0.0214531474363282	0.0373748655687866
25	0.009073604060913705	0.0020939086294416245	0.0013545748916410367	-0.43612791338500195	0.06316411429521746	0.008629441624365483	0.0034263959390862945	0.0007499343537127807	-0.895267727915936	0.059659333352205086	0.004568527918781726	0.0005076142131979696	0.0007469554465250781	0.052656917105456724	0.2222631775855064	0.009898477157360405	0.00399746192893401	0.0008748691965277675	-0.9319656259420949	0.042536963038892796	0.2041831092809626	0.1420613906910107	0.1831757216664035	0.0189694595010851	0.0162907090470639	0.0470457922656502
26	0.01068407058254774	0.0031423737007493352	0.0015858750327559124	-0.404961268458807	0.05346604766407472	0.011119168479574571	0.003915881073241479	0.0013900938991906727	-0.19365943601156618	0.04551148458175462	0.005317863185883491	0.0009185400048344211	0.0011536072173900468	0.6689853761561594	0.1780646264534779	0.013246313753927968	0.005221174764321972	0.0012614162448250925	-0.8142411388979258	0.029666028562333153	0.0375892053645019	0.0560551053108923	0.0815991254727682	0.139847482313012	0.1781017958549782	0.0275808059008326
27	0.010099830696479654	0.001984937824741666	0.0009216507591187872	-1.2791516712379811	0.09038994354900375	0.009457644929651468	0.003444450931169362	0.0008496005436581936	-0.7619886172105705	0.02929544104114351	0.004378539319283087	0.0008173273395995096	0.0007131736423149156	-0.08350645140066353	0.13353709198332525	0.009807928075194115	0.004612061416311519	0.0008382508369850777	-0.7994787904407279	0.028287198497222072	0.224271214806142	0.2903971269930858	0.1320963281691257	0.0779917677424107	0.0144192166680868	0.209642406318393
28	0.008263458500425326	0.0021266253493741646	0.0008579776905612305	-1.0160585206335173	0.0330849795580373	0.008688783570300158	0.004253250698748329	0.0007047871611174576	-0.9279620885094797	0.0210401122256553	0.0034026005589986633	0.0016405395552314983	0.0004952698984146625	-0.3316691229318189	0.04246069165776795	0.01002551950419249	0.004435532871551829	0.0006670091736406756	-1.1701855614898637	0.013222011564657658	0.0221168557837783	0.0960099850477743	0.0397663988373542	0.0608106917604119	0.0041292570069717	0.0706839361162794
29	0.009092706068392962	0.001515451011398827	0.0010696120799941406	-0.9571620254966174	0.045499058352824986	0.010344600382157211	0.005073466429465639	0.0006947233812282149	-1.3144504095269907	0.027245992963917793	0.0032285695460235885	0.0013177834881728933	0.00042610046735282013	-0.6216906358471543	0.0708337342523141	0.00961981946366212	0.003887461290110035	0.0007099138488752713	-1.212603805869821	0.02417692313436357	0.0898547751421192	0.0846937670601666	0.0769347906156041	0.0481068155261662	0.0	0.0432385958877502
30	0.008270938533867317	0.00213303151662894	0.000843338558155361	-1.0844740677520037	0.04878231005454965	0.00766150095768762	0.003134250391781299	0.0005680838085925496	-1.035363109846028	0.03942613241058939	0.003700156712519589	0.0008270938533867317	0.0007758928630935388	0.5218976442370512	0.16626726243903187	0.00935921991990249	0.003743687967960996	0.0007640548865024164	-0.9777602744614077	0.023959841636727684	0.2294334253179246	0.1360820225234453	0.1605988835680571	0.0356797240290637	0.0288643213377338	0.0033611119392948
31	0.008344849580099926	0.002232380142447114	0.001019787341022365	-0.7569623287792785	0.03830552177374533	0.008398001488253428	0.003986393111512703	0.0004597173569710532	-1.5272019831308132	0.03015077376821536	0.0034017221218241734	0.0010098862549165514	0.00033614730319543113	-0.860378688589407	0.16487921980166254	0.009461039651323482	0.004464760284894228	0.00039880869528944094	-1.6982238134718168	0.027852096967700555	0.3330621220333258	0.2342901536233891	0.3384800663329508	0.1065797446505278	0.0121955983308584	0.0463414871176369
32	0.011206035726173305	0.0018306890047708865	0.0013839472866788746	-0.8020628777559393	0.06147033593652326	0.009819150116498391	0.003883279707089759	0.0005550101880113486	-1.4819408623951786	0.06421856582761425	0.004659935648507711	0.001664262731609897	0.0005716174535126874	-0.8203798287433054	0.11689355643233752	0.010540330633529346	0.004216132253411739	0.0007945455648388041	-1.1539027023178292	0.04915897053628741	0.2565137163191521	0.1092800841631513	0.1575912038149006	0.0236837810509312	0.0412039515583393	0.0155229800342369
33	0.011526844603340936	0.002342353448807249	0.0013172494599659349	-0.9364760743332592	0.04064549635645115	0.011341921962645626	0.004623066017382728	0.0013456592261030056	-0.18428939933422786	0.04760258849526644	0.004931270418541577	0.0009862540837083154	0.0007989520500609159	-0.09843437823544551	0.1410902097326719	0.011773408124268015	0.0036984528139061825	0.0008628332370037891	-1.1283469214151423	0.04120180143248369	0.0774324667725054	0.1269836495691787	0.1624719143576422	0.0787965497567389	0.055020852797332	0.017817193849969
34	0.010671510472838736	0.0018731906681046717	0.001687835893317507	-0.23649759668348533	0.06750926067813744	0.012658227848101266	0.004938411761366861	0.0007135776502570451	-1.4461702516574775	0.05755069684093276	0.00613044218652438	0.001135267071578589	0.001222877437119609	0.6809970943330189	0.18051243080123677	0.010785037179996595	0.0038031446897882726	0.0006847390147667977	-1.3212370224597023	0.06562479303066769	0.2654369404213715	0.1499853937587239	0.2871492641189848	0.1557113942088818	0.0	0.174017235758274
35	0.005267950052029137	0.0017559833506763788	0.00036240388962278713	-1.5985437667253046	0.036653431910853365	0.0053329864724245574	0.0027965660770031217	8.093947632540896e-05	-2.0539480369439653	0.022840184680578166	0.0018860561914672217	0.0011056191467221643	6.557114012832692e-05	-1.6833888556247487	0.03044582238508083	0.005593132154006243	0.0028616024973985433	0.0002305202977013667	-1.6018807215970288	0.018077026057190946	0.1606522719494527	0.0451737211591412	0.0476943473851073	0.0131235615044661	0.0480732307789154	0.0471656464418687
36	0.010692920062179095	0.001978425738376749	0.002095016552540777	0.2512786512640703	0.09941706548620415	0.011446606057751189	0.004003956851476753	0.0018722099506787357	0.3563504817139004	0.10136187997427518	0.007442649206274436	0.0010834236186348862	0.0021371569348905524	1.6770620601314667	0.2122270181016817	0.015968722031183758	0.004663432097602336	0.0019484591189543909	-0.37325675002238795	0.07592396337033967	0.104797288481659	0.0081420501612171	0.08738408756112	0.0490045663965937	0.0052915867807715	0.0343888979079354
37	0.006896551724137931	0.0016265452179570592	0.0007077235602710441	-1.0284112224551918	0.054163090129769206	0.007286922576447625	0.0035783994795055302	0.0007367933965059128	-0.4699671426486535	0.021197276273429592	0.0038386467143786598	0.0013012361743656475	0.0006402428925837034	0.05277077937417154	0.05795422624065218	0.008913467794404684	0.0038386467143786598	0.0007214289949477907	-0.9046361382424255	0.012023806577161067	0.0948627283746905	0.0403816375569902	0.089242202887279	0.0584200629037378	0.0	0.0439150361551011
38	0.0061854394754747325	0.001175233500340199	0.0007396425659610774	-0.7006678105407423	0.050758650847835485	0.008659615265664625	0.0033401373167563555	0.0007815829411711309	-0.7421395660654619	0.031051170839813663	0.004329807632832312	0.0012370878950949465	0.0006798150813334725	0.0047969372176256036	0.10729871637312856	0.010391538318797551	0.00439166202758706	0.000733347961122882	-1.1505936904043432	0.020539288141165034	0.0728291614983366	0.0568254479726489	0.0776772660056806	0.0722333315347414	0.0072425642215796	0.0659239172255936
39	0.008687474810801128	0.0021942591016971924	0.0009237018297969513	-1.1435107321177895	0.05971077805403129	0.008732255608794948	0.003224217455555058	0.0008693456422440074	-0.741099175087192	0.02720715158314029	0.004254175809412924	0.0012986431418207873	0.0008618348302117985	0.2630288655724058	0.09635023258427396	0.009403967578702252	0.0036720254354932606	0.0009250484993594541	-0.8728788022773962	0.023330029499141855	0.0560783644022767	0.0212279794196882	0.1254307018601141	0.0301321324300616	0.0403280032501896	0.0671982564595193
40	0.01047096268278057	0.002859910512477513	0.0011912142957579113	-1.1240172255212857	0.1025408973845254	0.010978366160800775	0.0063656072697080126	0.0005143747531950318	-1.6555675053942427	0.06985780180399755	0.0027676553346556577	0.0009225517782185525	0.00044266458117169205	-0.3012144044337438	0.09838204889872208	0.009087135015452743	0.003828589879606993	0.00048412490559048807	-1.5355205871896898	0.025123348469436996	0.1215800181767995	0.0579554652986823	0.1864216821389299	0.0118261609170737	0.0476456344512185	0.0357638022239478
41	0.010694921156046361	0.0024374471471919614	0.0012734983975733723	-0.9161215491434384	0.03702533914482282	0.01044620205939412	0.004427199920409889	0.001065176162088155	-0.6690528703619236	0.033114617685591846	0.0046261751977316815	0.0011441078446003084	0.0011268818982463277	1.0154332265092552	0.14635408224207708	0.01183902900064667	0.004228224643088097	0.0010121606804602053	-0.970352253302055	0.026153494896230742	0.0608070430290176	0.0132722078076805	0.0752957159553574	0.0474650671615023	0.0033445630178931	0.0600355929754473
42	0.009928544565626175	0.00188040616773223	0.00120834246636283	-0.913021880603133	0.07223459239519794	0.009665287702143662	0.003685596088755171	0.0007241775764241872	-1.158641162445351	0.05707370940765236	0.004964272282813088	0.001053027453930049	0.0008059018339934681	-0.2188298062780857	0.18945422792134461	0.010831139526137646	0.003798420458819105	0.0009189738940153455	-1.0205559615215354	0.05075046106311069	0.0719139477052822	0.0282662836938831	0.0290432284055868	0.0541173468623516	0.0	0.0189522095183152
43	0.017800632911392406	0.0034941983122362867	0.0019682274348791105	-0.9894794994692107	0.0728137392084199	0.013844936708860759	0.006592827004219409	0.0006264070797592607	-1.7659297348656215	0.06455289486294123	0.004944620253164557	0.0008570675105485233	0.0008485569818209476	-0.04939522296533767	0.10414565282832455	0.009427742616033755	0.003428270042194093	0.0008138209069264564	-0.9577926602624867	0.026792357865123455	0.2298592711444604	0.0354123079247524	0.1764722540192026	0.2160514230304736	0.0408457603535717	0.0726528868956801
44	0.010188866799204771	0.002360834990059642	0.0014408721490469596	-0.5477700620449255	0.068838866563106	0.00981610337972167	0.0035412524850894633	0.001196854426147551	-0.21155035133969433	0.060642326261809	0.00540506958250497	0.001242544731610338	0.0010980082899112202	0.42456850192252493	0.121719855847707	0.010561630218687872	0.0035412524850894633	0.0011763517789554266	-0.49452145776298434	0.03751948842342401	0.0274244691384123	0.0100866618629379	0.0404184861659817	0.0435621522601642	0.0117714522628743	0.0098312181669138
45	0.00965927886205756	0.0019186238835593782	0.0013086665768054309	-0.5395037996006072	0.06438775076947746	0.009328481640754218	0.0038372477671187563	0.0009315329273686653	-0.6822989079637596	0.05759965069086761	0.004300363876943433	0.0014555077737347006	0.0009524187964119508	0.6537891600611887	0.19125298046586006	0.00992391663910023	0.004631161098246774	0.0010355493690897403	-0.4805673515772656	0.05469604120204722	0.1415533635117712	0.1907529124895132	0.1074214822422227	0.0769302914428391	0.0050599268573251	0.0610312425917897
46	0.010635426226853102	0.0018895427306591804	0.001853429642615323	0.10838286866143725	0.07403628084482841	0.010797387032338174	0.003779085461318361	0.0014737444926474137	0.030519426724651154	0.07567611235628256	0.005830588997462614	0.0011877125735571992	0.001322772698371543	0.8647868765905073	0.2445836194917983	0.01117529557847001	0.00372509852615667	0.0015156090218267687	0.013253473692064704	0.06979605832726396	0.1244401642019794	0.0324649773476861	0.1110089887684976	0.1370140480956759	0.0226075746364872	0.1216066986480419
47	0.009465478841870824	0.0033407572383073497	0.0009862853604727826	-1.0710440259262135	0.035317335813679476	0.0077951002227171495	0.0037456975096173315	0.0008927753924568993	-0.26306590643079225	0.05233534326169988	0.003796315043531079	0.001467908483498684	0.0006108408687812201	-0.07103781989525702	0.19729501354884152	0.00820004049402713	0.0035938449078760882	0.0008965599955969545	-0.44241065316482514	0.03645342658860524	0.1215502203019254	0.1200765884926589	0.1268696863278955	0.1319753223396952	0.0733124553101947	0.0993094041678561
48	0.009625762039494794	0.0022460111425487853	0.001479006019593913	-0.32057633151597276	0.05730912100204575	0.009509086135985766	0.0038794737916751742	0.0013128125266522602	0.09510237417851569	0.04815964579534444	0.005279584633783508	0.0008459003004404515	0.0013120863304564446	1.125304427562499	0.13425012332524766	0.009100720473704168	0.003383601201761806	0.0012014962434411824	-0.1289941875951426	0.043427763731221876	0.0625130972059197	0.02202158236034	0.0899159713023543	0.022794510091534	0.0	0.0248704616764195
49	0.008097662720078523	0.0016563401018342434	0.0008327231059977365	-1.0869282673699021	0.04402153860426041	0.008343046438868781	0.003680755781853874	0.0009916776062416214	-0.13523426588782858	0.038479662070146685	0.004171523219434391	0.001288264523648856	0.0009592653452192615	0.7540367641911735	0.11773394778779354	0.009324581314029814	0.003435372063063616	0.0010076389933515336	-0.5937685875561741	0.028653020713199195	0.0634841223882764	0.080877766349013	0.1325586272253903	0.0505096208152617	0.0187917876055798	0.0494388797083513
50	0.010646008879224426	0.0019026909486273443	0.001725426453234026	-0.08793537191556633	0.14943265464756247	0.011687958684425116	0.0038959862281417053	0.0012620161950092285	-0.502189583319148	0.14907424518958995	0.004711425206124852	0.0008154389779831476	0.0009978471118076626	0.6197742338323353	0.22364996094119668	0.012503397662408263	0.0038959862281417053	0.0012593029674116824	-0.6380820331864884	0.13248244945857057	0.3171286535640806	0.4306829100518727	0.3143870342211796	0.0159388626214253	0.0183635070732198	0.0115869752178993
51	0.010128251228574853	0.0017979144192736426	0.0018941786948766877	0.3915542576320798	0.12347833834331555	0.011686443725278677	0.004674577490111471	0.001084894696096832	-0.6275956251516743	0.10076347981515964	0.005753326141675656	0.0006592352870670023	0.0006810912051050878	-0.6831601285969985	0.31159201642118123	0.010907347476926765	0.003116384993407647	0.0012446905004051408	-0.31010860302643717	0.08873214743726707	0.2176850580440972	0.1178609528084848	0.1487365030607647	0.0807284934490916	0.0133231774798053	0.061655669795954
52	0.009159244520245089	0.001958183311224812	0.0013122603551906464	-0.3770896928605088	0.07409644996960209	0.008590739687954015	0.002589855347103784	0.00011713970538840633	-2.2655402270793417	0.07352253866302332	0.003853199418861727	0.0009475080538184574	0.0005964559090923711	-0.18269209434742423	0.2904747210530766	0.008527572484366117	0.002968858568631167	0.00014069743505873888	-2.227453155280192	0.05761221449500982	0.4293734997582332	0.0	0.4136273769885767	0.1550405000372402	0.0	0.1530301106951298
53	0.010410489556565856	0.0010542267905383146	0.001690152088045776	-0.13973289586305665	0.12584583542566996	0.009949265335705344	0.0024378994531198523	0.0016343394451636144	0.42980762723569227	0.131678405778323	0.005205244778282928	0.0011201159649469592	0.0016534883420846458	1.8909519756278823	0.35086047195169157	0.01087171377742637	0.003623904592475456	0.0017342967200515205	0.47118885338240213	0.11553895013192987	0.2935243869391751	0.4079839331855602	0.2575959060804199	0.0628997223274309	0.059052041512692	0.0066844925824779
54	0.006333234684817993	0.0016572950577093816	0.00048767055165187544	-1.6346517130000964	0.04145141774746388	0.007517016868896123	0.0040840485350695475	0.00036303980437088766	-1.6732392653048598	0.015413026458871264	0.0023675643681562593	0.0007694584196507843	0.0005312502989973815	0.578844240897746	0.14711402818002928	0.006155667357206274	0.0032554010062148565	0.00034272936484599164	-1.5339840200399506	0.018801169216983313	0.0182833160093903	0.0398606183653949	0.0190830858352183	0.1036789795728447	0.0	0.103791428768324
55	0.007742351739340824	0.0015054572826496049	0.0011272128082621964	-0.6635081658003812	0.06114984733853667	0.010161836657884832	0.004408839184902414	0.0007767204195783005	-1.1323613945607944	0.03383646782909648	0.0048389698370880155	0.0011290929619872036	0.0008076887812123696	-0.1114999623044373	0.20695265114428593	0.011721060272057637	0.004892736168611215	0.0007583807386807361	-1.3504408500471354	0.026960268571521735	0.1450273162398911	0.1044079538855137	0.1633444932214263	0.0844937328820422	0.0365119912333165	0.0213717225170864
56	0.009667560656146698	0.002120626208445082	0.0008988121231872303	-1.3707841896085848	0.037707722848422436	0.0071103349341982165	0.002869082517308052	0.0005800734840016833	-1.027883674043171	0.03396179745197801	0.003492796108027194	0.0011226844632944552	0.0004571987499861804	-0.4766102251059829	0.09897463678337501	0.008981475706355642	0.0033056820308114514	0.0006919660326591308	-1.1297594174687713	0.024870242634943897	0.116663458377661	0.1024015566907294	0.1050840210235835	0.1880570710158706	0.0042201106915403	0.1757220989219123
57	0.0100462249614792	0.002403697996918336	0.0011428718603364502	-0.9659816895180026	0.04095441335450288	0.008936825885978428	0.0037596302003081662	0.00104569733913319	-0.26167876938084705	0.03531251853837043	0.003944530046224961	0.0011093990755007704	0.0010220308635931331	1.1990711778628975	0.1606097171127889	0.008690292758089368	0.002650231124807396	0.0010374453959077698	-0.24393517927566458	0.037909602826561944	0.1604482839752768	0.1191763711075296	0.1593644764247906	0.0318963634396911	0.0280379078055993	0.0291925362333161
58	0.005995877833989132	0.0019986259446630444	0.00035473356004577086	-1.8040947010190278	0.04299589003122944	0.007307476110174255	0.003997251889326089	0.00021767359778386667	-1.7869319172485392	0.00791798406868726	0.004371994253950409	0.0009993129723315222	0.00019767334799391566	-1.833009383516688	0.21285628890471453	0.008681531447130098	0.005371307226281931	0.0002219228258046304	-1.958852532713073	0.005487446588078788	0.0754254228561618	0.0179218792038934	0.0744559210135961	0.0176480890514071	0.0	0.0250404795511998
59	0.011982866128070271	0.0014097489562435613	0.0023400846279183728	0.24507392252914154	0.10445371332060539	0.010844222740335087	0.002711055685083772	0.0017079685275907875	0.1220993765020963	0.10905498079610203	0.0066691969853060785	0.000759095591823456	0.002011785163575993	1.7641569700790396	0.2629903510837311	0.011494876104755192	0.004120804641327333	0.002070528979278835	0.5776675917439349	0.08239845944541499	0.1208580575049656	0.0728288255733711	0.0777535747577373	0.0252256216904232	0.0530043384325184	0.0169665751271544
60	0.011027790030877812	0.0033818556094691956	0.0013108498729827946	-0.912114524179451	0.04319041961799427	0.01048865362936823	0.005734450816056462	0.0008247212938600645	-1.1415929574929184	0.020739442080045353	0.004607165612900064	0.0013233348037053375	0.0006787857703324101	-0.09872581666740818	0.09037859830953217	0.011762976032936332	0.005244326814684115	0.0009071567387413804	-1.2035988354520728	0.017248282850820557	0.1239312617013544	0.0777356328982623	0.091098359880139	0.0400908160892937	0.0	0.0593177172093332
61	0.012701306593740504	0.0019446976602856274	0.0023027536624841694	0.10769614769617969	0.13707619415989286	0.013309024612579764	0.00425402613187481	0.00284637413251354	1.303452910818392	0.15336046753164995	0.010088119112731693	0.001701610452749924	0.002927979656012638	1.904511495244722	0.2510900737814561	0.014402917046490429	0.0043755697356426615	0.0028613331858130153	1.1931846569402522	0.1322008973748884	0.1130275764790041	0.1725992177695104	0.173473361400692	0.0163262520845877	0.0305130497193978	0.0062814172458298
62	0.014491874848411352	0.002304147465437788	0.0033940871849053133	1.0754095134868913	0.1493370483866364	0.013642978413776376	0.0032136793596895465	0.0030903548075442754	1.876452960936832	0.14051096883172948	0.009822944457918991	0.0013339801115692456	0.003504903067536863	3.4830219027569487	0.3412487781232162	0.014673781227261703	0.0038200339558573855	0.0032760232626272527	1.9154137139595833	0.13045755499280873	0.1429849260994418	0.0313936994164641	0.0952284218370235	0.0522593100170771	0.0	0.0272919036129906
63	0.00740043900909376	0.001317027281279398	0.001106206702856354	-0.3652869341505245	0.06630184959226086	0.007525870178739417	0.003323925995609909	0.0011778073173173743	0.46147830163442144	0.08001930121098508	0.004640953276889307	0.001191596111633741	0.0009669555755285232	0.4774487654413968	0.17477215251242886	0.00940733772342427	0.0038256506741925368	0.0009287663617968659	-0.6262264879129946	0.048729293925075134	0.0824596901226615	0.060010102009791	0.0483992643224484	0.0726544050251171	0.1150918444192016	0.0861445262326091
64	0.007538569424964937	0.0018934081346423561	0.0009367261008285929	-0.64536355460653	0.05337735821302238	0.007538569424964937	0.0036465638148667602	0.0008512713481399441	-0.35415047886124734	0.032816122370532344	0.004488078541374474	0.0014726507713884993	0.0007049171228389475	-0.15489477997748713	0.10860575694623276	0.010448807854137447	0.004277699859747546	0.00087687522335485	-0.8348905037723853	0.02124540876336898	0.0529715534417272	0.0	0.0302211889579874	0.0810482852784746	0.0174300512279456	0.0674249185105484
65	0.0061346362649294245	0.0013572204125950054	0.0007503731573243305	-0.9464850968404492	0.04660618760487349	0.007111834961997829	0.003094462540716612	0.0002521325891728849	-1.813575203031396	0.01633144139827432	0.0030401737242128123	0.0009229098805646037	0.0003728094331408312	-0.5954967520720401	0.10910017750038442	0.00998914223669924	0.0043973941368078175	0.0003578621313532112	-1.9472482883166409	0.01003253780650034	0.328506179032458	0.1028281548118635	0.2496222046030028	0.0530992243059317	0.0076748468034598	0.0402832943734433
66	0.00802662490211433	0.0026755416340381102	0.0009722985278399498	-0.788771701833378	0.060182415606489965	0.008483424693291568	0.004633255024797703	0.0007769678502723134	-0.5102666467683311	0.04540665245512746	0.0035891412163925867	0.0013051422605063951	0.0006963699051557831	0.4028628549282492	0.18515588461571061	0.00809188201513965	0.003523884103367267	0.0007073390904664144	-0.6391555566247392	0.03475840877176368	0.0670959953621312	0.201947721281902	0.1248104673417704	0.035780932909405	0.0226431628544865	0.0087606208846729
67	0.01016304112788133	0.002075855209099165	0.0013429315958649827	-0.663704789861184	0.07480997708739189	0.011200968732430913	0.0049301561216105174	0.0005364913768013793	-1.5740436551209973	0.06263041405762199	0.0039787224841067335	0.0006919517363663884	0.0005674157715979429	-0.34228034035308974	0.1563174712243373	0.008908878605717251	0.0036327466159235392	0.0005421978097365034	-1.3037907398150557	0.0331130103085487	0.1733870127265611	0.0558918764304163	0.1619174789173561	0.0101947398848781	0.015798500874451	0.0083647586110186
68	0.011765446080281867	0.0030829243739776014	0.001598451222195842	-0.4554510632296911	0.07026346782289651	0.011513778784446961	0.004655844972945766	0.0009837806029426787	-0.8660439379473045	0.06452550176620007	0.005473763684409211	0.0011954196552158047	0.0005752353582543815	-1.008547188933025	0.22125299367695972	0.010947527368818422	0.00421542720523468	0.0007491499682296321	-1.2078509259796788	0.07470089236304726	0.0845513755487801	0.0247507153552833	0.1425968179122284	0.0242420213376902	0.0435183038715474	0.0181627649852934
69	0.013903259182617693	0.0024573202276254526	0.0016321324701554798	-0.8860060212901598	0.07723285508981145	0.01325659596482152	0.004009311950336265	0.0018239029806083062	0.14269901475791794	0.052672295303126476	0.005819968960165546	0.001875323331608898	0.0013238062371111919	0.9206725051004904	0.23844356789539733	0.013773926539058458	0.005237972064148991	0.0015992344547461873	-0.2798806856196768	0.04752760751693985	0.1282075635902098	0.0544136726779274	0.0955481227364436	0.0574684359525111	0.0824724380918831	0.0122702141497634
70	0.009714767333540346	0.0019518254003460054	0.0012014571506178187	-0.7946252672418116	0.08236428314080224	0.010690680033713347	0.0031938961096570997	0.0017537741322888537	0.6380291463302932	0.08289644264234446	0.005544958523710243	0.0007984740274142749	0.0011659661020592506	0.6608181861560587	0.26291290579790816	0.013352260125094264	0.004524686155347558	0.0015254218700540606	-0.3220457521563352	0.05229449893588153	0.1462679059200938	0.1347431175550259	0.1039047334084483	0.1271569506555099	0.0221264679858145	0.0308674076479217
71	0.008241758241758242	0.0017434488588334743	0.0010934117728338738	-0.5775636544876315	0.04922517748331651	0.009087066779374472	0.004543533389687236	0.001028494032473207	-0.3723994050508638	0.04342139472327458	0.004332206255283178	0.0011094674556213018	0.0009752161214567956	0.8168920734329651	0.1579203448178854	0.009456889264581572	0.0036453930684699916	0.001043809047007191	-0.4764138647553793	0.03451373549174226	0.1473448021994024	0.1277544331862941	0.1311238027611517	0.0193008401399039	0.0385114673277249	0.0101204688048843
72	0.009850060194812302	0.0018240852212615373	0.0019170300466463954	0.474174939865029	0.10669906347323056	0.010616175987742147	0.0038670606690744593	0.0010296396030959431	-0.7626850998243369	0.08776447435628919	0.006566706796541534	0.0012038962460326147	0.0016822373455223187	1.3293950509731354	0.2609689513393696	0.011126919849695377	0.003319835102695998	0.0008784223061930254	-0.972937226827172	0.08575640208966555	0.1956906796357532	0.0342169593571845	0.2554412873667505	0.1361607475725841	0.0	0.1729707060682565
73	0.008976660682226212	0.002194294833433074	0.0014694774836173706	0.00527828041783233	0.08478979158648085	0.0088436731165636	0.003457676707227874	0.0010425888285346726	-0.2249106411233945	0.07682221617170235	0.004455083449697453	0.000731431611144358	0.0010094280079275618	0.9755013344650441	0.28834032138819005	0.009508610944876653	0.004122614535540927	0.0011593021856083012	-0.16613754669043862	0.060788207089425374	0.1544283812512829	0.1078462456928616	0.0969308036405253	0.0062755005410891	0.005554246002769	0.0249620285039227
74	0.008001412013884802	0.0018826851797376007	0.0007620142442381902	-1.2649459386926687	0.04236603790592261	0.0068835676884156025	0.002471024298405601	0.0005993465962344804	-0.8272323410155962	0.023162875623321658	0.003235865152674001	0.0013531799729364006	0.00047813484999331116	-0.3199480106354573	0.07456273727056721	0.008825086780020003	0.0036477025357416013	0.0006991026984328289	-1.046098862152422	0.01405422663532005	0.1795696786654115	0.1819362816392961	0.1073887218199022	0.02948530055767	0.0186552010130315	0.0586034428704081
75	0.008367473618870266	0.0019863438857852266	0.0010373523842788154	-0.791130450677883	0.05246215820272134	0.008392302917442583	0.0031284916201117317	0.0007722498382619794	-0.7977067713059235	0.03387420334241688	0.004320297951582868	0.0015394165114835507	0.00044039134517638324	-1.0624387895720373	0.08785953505355273	0.009559279950341403	0.003997517070142768	0.0007728233451857471	-1.013976007909923	0.025571910969810978	0.0416916360906319	0.0820546781039279	0.0368953867226907	0.0638222984928106	0.0120894760645214	0.0737818638866198
76	0.010483922521255514	0.003196317841846193	0.0012027483620005992	-0.9585757869186893	0.045308448125442824	0.010611775234929361	0.004091286837563127	0.0008468389263891547	-1.0839373635209977	0.044531505006577064	0.005241961260627757	0.0008949689957169341	0.0006505979656214937	-0.7465594236853376	0.1264364081064034	0.01176244965799399	0.006136930256344691	0.0007894939123061089	-1.3080944575111144	0.02907300245586117	0.144339261707783	0.0807762291391219	0.1558368006073412	0.0250974860895061	0.0	0.0170670532648518
77	0.008571592935626761	0.002358626244031525	0.0011943520289821646	-0.32089990032554955	0.07229591680180487	0.009031812690559742	0.003566703100730599	0.0009375313057529999	-0.6307364963470673	0.05071700208815386	0.003911867916930334	0.0012080768566990739	0.0009149962055599502	1.1050772539279525	0.21116953586387613	0.011045274118391532	0.00448714261059656	0.001038827348287117	-0.7370342108655774	0.03749809033725069	0.270917124917637	0.2977999548404799	0.2072974623863523	0.123097229391336	0.016443378086509	0.1548122836890624
78	0.008445724761031819	0.001374885426214482	0.0016343647832478929	0.4395130089937798	0.09907261965789087	0.009624197983501375	0.004190127013225089	0.0005685033754261829	-1.312467600503333	0.07174929817283121	0.0026843001178473223	0.0005237658766531361	0.0008551977851184807	1.6020572662342114	0.3778851725369874	0.008969490637684955	0.0034044781982453844	0.000997032378993031	-0.36932746933562827	0.07104549970520045	0.3123801890604223	0.0997233598794128	0.1448044821208459	0.3021017374578948	0.0235844567112639	0.1378981358077988
79	0.007474758743794277	0.0023428348301444747	0.0007502181997788693	-1.0887826394677933	0.0474983963740719	0.00792101299715513	0.003793161153567245	0.0003805553978401871	-1.4826762441443793	0.030768730662717757	0.0032353433368661794	0.0010598538517320242	0.0005111438463729522	-0.13973238150127737	0.09655048629030744	0.008423049032186087	0.0034584704635466056	0.0003867609486323251	-1.5977419879870134	0.024833248982336457	0.2205297139023129	0.1070249194842079	0.2261897170803621	0.2795860474820044	0.0012266594752463	0.2583398299998832
80	0.00832639467110741	0.0021093533166805438	0.0010169190649078395	-0.876584497170517	0.05031471070889931	0.008825978351373855	0.004551762420205384	0.0009918185021626966	-0.4099414691515417	0.03248868962228289	0.0038856508465167916	0.0008881487649181238	0.0005194121130116494	-0.5884793100910094	0.12326644707254565	0.007549264501804052	0.0036636136552872607	0.0008759865246672335	-0.3725072804022856	0.033676319490149126	0.0318868980089928	0.0758804690407025	0.0172765258549963	0.1415519068071451	0.0049858474561441	0.0917927931537136
81	0.01244478721166655	0.002313678749211246	0.0016990376745890593	-0.6235339708786479	0.08845425533346253	0.010727056019070322	0.0043469115894271895	0.0007496912126125191	-1.2662529407190881	0.10288643870694547	0.005118137839164271	0.0012970623291032742	0.000807395799454912	-0.3427031235376075	0.2652797848457787	0.010621888803197083	0.003786019771436584	0.0007357703168732653	-1.3544312220946766	0.07891926498306273	0.2527222910521681	0.2633405497039851	0.2815356435911659	0.0232893545073253	0.0087887017534105	0.0077420905148072
82	0.01606896903535173	0.003060756006733663	0.002243565697413929	-0.5573237266682054	0.05111226527704109	0.015966943835127277	0.004897209610773861	0.0023999581080401586	0.25623867689140256	0.051790238352740076	0.009131255420088762	0.0010712646023567822	0.0018866392161628694	0.5422633395971854	0.1276968445367119	0.018058460439728613	0.006376575014028465	0.0023014181215496726	-0.19063668007957021	0.03862226286318128	0.0763826634478533	0.0632985167612495	0.052083144402326	0.0932501418406661	0.003922440835056	0.0644362002435383
83	0.011518849025678382	0.003255326898561282	0.001564603162210509	-0.6326036638664255	0.04398633506798651	0.013340010926971407	0.004871608085958842	0.001210389727742642	-0.8578384740575632	0.03191891430666785	0.006191950464396285	0.0016618102349298853	0.0012036964003323983	0.4501283160776494	0.13365853478644407	0.014159533782553269	0.0054634857038790745	0.0013777596503389289	-0.7244865501239762	0.02783923853644456	0.1196936471020242	0.1064757932192751	0.0825702195548627	0.0352811398626264	0.0205762472999287	0.0430169514551778
84	0.015251913629612705	0.003141779961156175	0.0027328109578082208	0.11222681948900629	0.07042092189233555	0.015766023077801897	0.0058836970181652005	0.0014213036690099332	-0.9796600505186215	0.07945984230754248	0.008511367531132184	0.0011995887124414486	0.001071302813500521	-0.9689870441064545	0.2478067368322691	0.01548040671769679	0.005712327202102137	0.0016147386766823606	-0.7570125559977445	0.06187551720946464	0.2079374177889462	0.1562377907083037	0.158805714580645	0.0380414425845492	0.0	0.0359683329927376
85	0.007161310791823415	0.0023568870960431493	0.0008516093955321868	-0.8078296848314384	0.05658440364620927	0.007025336536282464	0.00299143362190092	0.0005223008229311071	-0.9912441661783274	0.038505618556468765	0.003852603906993609	0.0012690930517155418	0.0005015240216216082	-0.46046361642857714	0.11894164668335125	0.008702352354620859	0.0035806553959117074	0.0005028678249530594	-1.3329076456642617	0.02411861556936695	0.0892160263573102	0.0730618329441103	0.131937544534156	0.1027940368220188	0.0570657670966817	0.0126858625207405
86	0.008746048472075869	0.0022128556375131717	0.0016043815258056278	0.1462911844647295	0.09540638673807265	0.009009483667017914	0.0029504741833508955	0.0014900358517476928	0.4328478108912016	0.06988969750397522	0.005479452054794521	0.001053740779768177	0.0014527971316009075	0.9627919637668645	0.21418532314268296	0.010590094836670179	0.003530031612223393	0.0015341964681049708	0.08458274703375601	0.05415873697030276	0.0854482517940559	0.1325047348242603	0.0583361510858845	0.0912432621171493	0.0427776259341616	0.048041258460613
87	0.006663743971942131	0.0021920210434020165	0.0005913320409366986	-1.2839657478012476	0.04385013500453854	0.006444541867601929	0.0032441911442349846	0.0003116561401831775	-1.449463374416746	0.020329898044577025	0.00263042525208242	0.0012275317843051293	0.0003307886828177322	-0.5851382630238888	0.09303102559911691	0.008592722490135905	0.004866286716352477	0.00040912578195483604	-1.509879362598603	0.020056792793665512	0.1297679684780168	0.0374471983436751	0.0682884130975149	0.0285392359571132	0.0001268808172003	0.0223051000073372
88	0.005649079200090386	0.001581742176025308	0.0006249440501327496	-0.8819062090305969	0.051369337834702294	0.007343802960117501	0.003841373856061462	0.00017674271600352708	-1.707684841684218	0.043426218431180004	0.002542085640040673	0.0007343802960117501	0.00022005640598233919	-1.0085256845000936	0.1568901670546788	0.008417128008134675	0.004067337024065077	0.00037225796987148854	-1.4740692133047806	0.01267931760944328	0.4729196782821592	0.3012262447978462	0.2769776149005141	0.0208814974485514	0.0117667714256698	0.0426457850243685
89	0.008571256111547052	0.0027766040924729883	0.0005868441998734654	-1.6122181760499765	0.04178116182714619	0.00929558761393131	0.004587432848433633	0.00039127724882290677	-1.689757985905945	0.02114569146368004	0.004225267097241504	0.0009054143779803223	0.0004886467452175604	-0.7369318739888916	0.08381465918799272	0.008812699945675137	0.003561296553389268	0.0004976956250534854	-1.3551350219271867	0.02004792267728125	0.2861315920971109	0.0657687098477668	0.129978539118016	0.1170195501590829	0.0308669672631604	0.0173063735120442
90	0.008399098083427283	0.003438556933483653	0.000995302604559841	-0.8686832590995713	0.03661477780791967	0.008511837655016912	0.0035512965050732807	0.0008435678783616179	-0.6990099258108939	0.03173660442777436	0.0037767756482525367	0.0007328072153325818	0.0008625823604256034	1.0264376324744977	0.13126999912148302	0.009695603156708005	0.004002254791431793	0.0009579892612238422	-0.6834506037377736	0.022491552244957927	0.1030560711544615	0.1333223063052386	0.083273386515103	0.180433321512272	0.0133740318839027	0.0803076425208674
91	0.008908434821831304	0.0016350924672981506	0.0013752553849955343	-0.3886639047513249	0.07407676577113148	0.008682904826341903	0.004566982408660352	0.000574731372878151	-1.0770372694563262	0.05107745973839171	0.0036648624267027513	0.0011840324763193505	0.0008141964930295225	0.6461665089997999	0.12682155238180381	0.009697789806044204	0.004115922417681552	0.0007778118390841308	-0.9399183672647093	0.01938342802417425	0.2586594163062168	0.04815214205334	0.1549173040991726	0.1103180411403872	0.0233682636569011	0.0328553837314188
92	0.00964170932031901	0.002797286037376503	0.0013082052460371579	-0.4946650979296943	0.05488602813320209	0.00880847518152601	0.004285204142364004	0.0009491153069789506	-0.3406003575682176	0.04977713156328618	0.003630520176169504	0.0008927508629925009	0.0008561030696076735	0.8375157873925346	0.15702816245858514	0.008927508629925009	0.0037495536245685038	0.0008373132667465423	-0.739521561697226	0.042350413335624185	0.0834486540321137	0.0649175857616834	0.1229612587142668	0.0692501883411851	0.0075861220531326	0.0220693854565293
93	0.01196531309930793	0.003877261736012674	0.0016971585473262239	-0.29433068331517764	0.06034069594154947	0.011298257316768114	0.004335862586508797	0.001112530628719291	-0.4919686733549679	0.0414987672861125	0.0058367380972233806	0.0015425664971233219	0.0013497669875121932	0.9868261661888701	0.1244399194720369	0.012423913949804053	0.005086300341866089	0.001365197094358371	-0.30055570338371296	0.03225765716846469	0.1586934081583982	0.0996158575456129	0.0875954840125936	0.2015823058019227	0.0076950136580013	0.0507117632287285
94	0.01488767064387832	0.003654735031710201	0.001830420927257223	-0.786792507139515	0.07686215011710032	0.017574975814253466	0.006772009029345372	0.0024769607995033635	0.2180377131609647	0.06565688498504887	0.008653122648607976	0.0013436525851875738	0.002126800819017913	1.2450106765595572	0.23987067778552276	0.016446307642695904	0.006234547995270343	0.0024136905666245503	0.29186582128118504	0.07547441180969182	0.1611517195180485	0.1525325525456658	0.1381285373476221	0.0403468569536665	0.0165663957593397	0.0078458317041203
95	0.013682459623329936	0.002360894993829479	0.002017173496374442	-0.27291576177796906	0.05991474400147574	0.013575146214519504	0.004721789987658958	0.0011414961775714507	-0.8323957754112892	0.05900783426374304	0.00692171486827279	0.0015023877233460322	0.0010355758904694984	-0.30072681020250014	0.1633173986383608	0.015077533937865536	0.00563395396254762	0.0012688141151594176	-0.8613353453471303	0.043925792038967945	0.2932990460966282	0.2588248504367739	0.2401023290260631	0.0675209544743164	0.0001443871489832	0.0638616287041774
96	0.010213143872113677	0.003274866785079929	0.0011130102132121782	-0.9724236017701631	0.05975112376005516	0.011711811722912966	0.0038854351687388987	0.0010428107021204977	-0.8684197716578655	0.04655919825445724	0.006438721136767318	0.0014986678507992895	0.0010419662682265003	-0.11211494151656755	0.18094861550019986	0.011711811722912966	0.003774422735346359	0.0011907640492112889	-0.6039172457658869	0.04390486768133647	0.1532938029762174	0.1039197559033065	0.1063570612933292	0.1261338200871105	0.0264054740301715	0.0388773236364901
97	0.007887472065203103	0.0022347837518075456	0.0010204111139063522	-0.7968709235394257	0.04597076476977304	0.00808465886683318	0.003023530958327856	0.0008869342285212771	-0.577717377584115	0.03269308616536173	0.0045352964374917835	0.0011173918759037728	0.000893969068662286	0.27333405459610793	0.0906269439634458	0.010385171552517418	0.004469567503615091	0.0009648761171080144	-0.8808034559688639	0.019315361644427362	0.041921433857429	0.0	0.0494994882240938	0.0333375324402182	0.0149476054174418	0.0276530197028162
98	0.008598280343931213	0.0019329467439845364	0.0014603618441226555	0.05128049772927746	0.08370905135309101	0.008931547023928548	0.002999400119976005	0.0011384921314598789	-0.24885775822526882	0.05739150404297345	0.004865693527961074	0.0010664533759914684	0.001137215267215355	0.6413114026023368	0.20309663511554052	0.009998000399920015	0.00413250683196694	0.0012353370105628605	-0.2810493440880221	0.04753077160814246	0.1070046918212459	0.1962736604803712	0.0671970181369577	0.1835414252620235	0.0047641862555328	0.0753372819331407
99	0.008770822816759213	0.0012619888944977284	0.0012574431979465075	-0.4286466535551598	0.1110506504061069	0.009528016153457849	0.00422766279656739	0.0005088529228005276	-1.4563097478469764	0.059326323407187215	0.00441696113074205	0.001325088339222615	0.0005917536740243759	-0.6021093344491477	0.10830574517697707	0.011168601716304896	0.005615850580514892	0.0005761186807129051	-1.5472969568947874	0.020288664538432612	0.0927539112337254	0.0208892487630104	0.0773396818031928	0.0704934498030086	0.0156540982331522	0.0174660948826076
100	0.010026954177897575	0.0021024258760107815	0.0018902199440462078	0.45103408378562176	0.11058299717937439	0.011105121293800539	0.00431266846361186	0.0007538880764307084	-1.2708782065882245	0.10537333893776805	0.0063611859838274935	0.0018328840970350405	0.001702109757893185	1.6728010146170669	0.2686609795337879	0.012075471698113207	0.004474393530997304	0.0010381884112341411	-0.9393042204132668	0.08001433160501854	0.2404387697363796	0.0355242178907322	0.1531197023044946	0.247146763045832	0.0	0.1395962620719144
101	0.011221309152734485	0.002663644091810711	0.0015977982301972231	-0.41249414286162417	0.04646956655807002	0.010087843581751204	0.004477189005383962	0.0007667426146708811	-0.9785730087899932	0.04583922690720614	0.004817228676678946	0.000850099178237461	0.000997158017252391	1.0269953588512715	0.21594474837475003	0.011618022102578634	0.005100595069424767	0.0009966760562756408	-0.7848976972380982	0.028023923123838203	0.2531531036686528	0.0809843785206283	0.1419841676447933	0.0708393267446365	0.0527181114314363	0.0109915707593716
102	0.013173340289552629	0.0020868657884439805	0.0027925994349436126	0.7462132516229268	0.15524306867618085	0.012521194730663885	0.003782444241554715	0.002819332574693444	1.4929298764112084	0.18721127191042083	0.007760532150776054	0.0005217164471109951	0.002309806388622434	1.5118569012490923	0.4247768408892254	0.01245598017477501	0.0028694404591104736	0.0028534434392409385	1.5607036579745932	0.16860988496939347	0.0468266618259107	0.1824235741382465	0.0433824651753404	0.1054857666695149	0.0073239154887816	0.0895057911608197
103	0.009171884645912337	0.001411059176294206	0.001422590097497196	-0.2839035862535331	0.06737848629557724	0.01075932621924332	0.0036599347385130963	0.0009760515960208556	-0.8091325661245239	0.04876268235512812	0.004938707117029721	0.0007937207866654908	0.0007801692962948656	-0.2156394057237252	0.16644421521171962	0.011067995414057678	0.004497751124437781	0.0010075620100676596	-0.7815532235110721	0.04248492144592485	0.16674398155948	0.1656693731014125	0.1596572562477566	0.026195920854905	0.0173987704844842	0.0211733627115378
104	0.01228530534351145	0.0028625954198473282	0.002470480172750875	0.29315029206459803	0.11717810828590218	0.010913645038167939	0.0032800572519083968	0.0015630950403632345	0.19737412566149315	0.1503327020242395	0.004770992366412214	0.00089456106870229	0.0010281524008498779	0.7242773075397272	0.27241020240062397	0.01294131679389313	0.004651717557251908	0.0016540695733125248	-0.24347721862136876	0.1022747381654856	0.1403082691616757	0.1490189484311048	0.1536623973742481	0.0276121342320201	0.0057061998090944	0.048261734134026
105	0.012430204732783834	0.002592395639457591	0.0016106508365425361	-0.588588707334542	0.07156419110775403	0.009970752459452272	0.003921829300717894	0.0013663782748666023	0.4089871560693718	0.04934898239657432	0.00618186652486041	0.0009970752459452273	0.00141097324721014	1.1623312859843744	0.12545261968404162	0.0109678277053975	0.003722414251528849	0.001328870446852357	-0.18010020411266056	0.03370369558440841	0.0385787310437557	0.1224233123408237	0.079698534411529	0.0538930794089509	0.047661419121611	0.0086974102189921
106	0.008675799086757991	0.001141552511415525	0.0018016985795652103	0.5232692100802393	0.12079672759732575	0.010273972602739725	0.004223744292237443	0.0008168485139280978	-1.0394668139816945	0.08815329365435776	0.0036529680365296802	0.0010273972602739725	0.0002694881594151994	-1.3362874502580844	0.20279984682709934	0.010559360730593607	0.0027968036529680365	0.001359560432571779	-0.11943009654777252	0.08519340015418445	0.2899186428587622	0.2339861798304879	0.1593269391401005	0.0447181760880554	0.0691171182349424	0.1627122988919904
107	0.010713714620755823	0.0023985928255423486	0.0013554050717222953	-0.6569797583462871	0.08722817539189831	0.010287298118437184	0.003464634081338948	0.0012599342764116114	-0.3070515263951594	0.07142145867361298	0.003091519641810138	0.0009061350674271094	0.0007259113053279028	0.8937581872655359	0.14379179528905794	0.011353339374233783	0.003997654709237248	0.0010455675906632853	-0.8480855090600118	0.061175378896359954	0.4403345812213861	0.5119941812271459	0.4859077198459515	0.086371199865841	0.1580135630524252	0.0427332257333728
108	0.011262414252073309	0.0022524828504146615	0.0019054674841617193	0.023409649365495715	0.09182872944549655	0.010852871915634279	0.0034299170676768713	0.0015235073985367393	0.19975763125366547	0.13623698489059666	0.005068086413432989	0.0007166990887683014	0.0008654644673893171	-0.038197904795259204	0.3804353945997329	0.011057643083853793	0.00348110985973175	0.001609830844194896	0.2491025079847926	0.11502189215783806	0.1242072749455423	0.1381235551843924	0.1264631900714223	0.0578763600335947	0.0165024948946643	0.0706530960333142
109	0.008060958492079407	0.002165630639663124	0.0010096146920926907	-0.81048246465218	0.11686696187086593	0.009785442149588932	0.003850010026067776	0.000692560091079689	-1.1835353958701367	0.10312533416810551	0.006095849207940646	0.00060156406657309	0.0009745945180248298	-0.2138992251774021	0.26707398476466876	0.011509925807098456	0.0034890715861239222	0.0012125736265146392	-0.5030706083038599	0.08145873489632695	0.1994717267041844	0.1554763330848571	0.0884571563745523	0.0269095482452751	0.013577982948461	0.0199804560590229
110	0.008439621803413922	0.0012691160606637477	0.0010173654192397168	-0.7437818044897518	0.10070398096533936	0.009074179833745796	0.002792055333460245	0.0006481369062495612	-1.1409071602069607	0.048285979269675594	0.003236245954692557	0.000824925439431436	0.000600177294240314	0.19851047124206792	0.12537414214180456	0.009899105273177233	0.003236245954692557	0.0006699950347271573	-1.158049851988676	0.041009117745581206	0.0538682873754797	0.0839787371313826	0.0551114929361282	0.0637115778402648	0.0	0.0685422612244676
111	0.00872176976838214	0.0021948824582683534	0.0008339418456694845	-1.2014557495809064	0.039093707360983436	0.007855368798013053	0.00329232368740253	0.0007420094137486646	-0.5919642332357115	0.040228383118281155	0.0036388840755501644	0.001270721423207994	0.0007658520952125408	0.6447540832301818	0.116933566393016	0.008779529833073414	0.0034078438167850747	0.0007760678189377688	-0.8707554338432694	0.019992140291405634	0.0791933209697947	0.1253266260878072	0.0493733993379916	0.1019998479568736	0.0005203949355443	0.0953371502199928
112	0.015118187214133584	0.003491498201878426	0.001528169130185135	-1.1529753976773653	0.06844900181964234	0.01311057574805349	0.0060752068712684616	0.00106528629642509	-0.971006396143687	0.026359906574734433	0.005568939631996089	0.0019377815020425264	0.0011176078472998547	0.3467826508295683	0.12171273422239831	0.01417548269962641	0.006424356691456304	0.0011448370567240654	-0.9485482869447049	0.022632772713209782	0.1380616250643832	0.0434182654432995	0.1141833951464911	0.0322841147384729	0.0614849979323126	0.0262422571907128
113	0.011540706812160403	0.0013471642193183348	0.0017623378100588831	-0.4303627383505392	0.095758952831103	0.01302258745341057	0.005074318559432395	0.001173704868524644	-1.0809078235592509	0.06400862280661815	0.00579280614306884	0.001302258745341057	0.0012598271608164466	0.4423726822121631	0.1896060085514088	0.011675423234092236	0.004221114553864116	0.001206589772925828	-0.8356852245760551	0.04986798377697743	0.0723874218178691	0.0555137923800568	0.1350701000579089	0.1283538816228912	0.0362820624530938	0.0321134232639566
114	0.011079787582770603	0.0014423392119583033	0.0013956603273642008	-0.7597320271673724	0.05916726429917076	0.009899691863895627	0.003802530649708254	0.0012233222805198764	-0.2283372290218076	0.05152622503198976	0.004130335016062414	0.0005900478594374877	0.0010485537103251657	1.0850715483641231	0.21970538719091853	0.01068642234314561	0.004589261128958238	0.0011685787595882135	-0.37897661805547445	0.04690933833730588	0.159297655080813	0.3521063850841192	0.1769067481832924	0.1500786191706792	0.0197642037376896	0.0477992249677756
115	0.017513980091421678	0.0033505812469545445	0.0015915722898518345	-1.376559256260704	0.06600127289361186	0.01722625704805439	0.007652504814720282	0.0012282011813899505	-1.2161914011299821	0.026919421891762666	0.006413439450541801	0.0019258881128616841	0.0007908712612005826	-0.7864486032970924	0.09662879815152066	0.017648560224609602	0.007387985242592291	0.00131211401777632	-1.2121620519526655	0.018400642321499374	0.1675139423958715	0.0469039060880961	0.0774586446268038	0.2561871739352681	0.0497793468229902	0.1084238038843437
116	0.008338052985966899	0.0018563967025360267	0.0015113923455873568	0.006752003018566867	0.10620890522781132	0.010351771442955132	0.003870115159524259	0.001535831467139622	0.17935671367741915	0.08257974250791877	0.005726511862060286	0.0011327166320558807	0.0009332450998570464	-0.20607064108906462	0.21836890648374865	0.01057202189918822	0.0036813290541816124	0.001284809903687797	-0.3443076170252527	0.0709465509361479	0.1897778899377172	0.2247694570853609	0.2868066253425828	0.0829201669923999	0.0541980430179119	0.0473917474862399
117	0.008355398646660782	0.0016475433951162106	0.0011556372683786992	-0.46691399945781076	0.06370840917574594	0.008649602824360106	0.002471315092674316	0.0008429907435516982	-0.6100730526298284	0.056740319476240156	0.0036481318034716093	0.0007649308620182407	0.0008888770813633625	1.1683143357899004	0.32547758732687115	0.009414533686378346	0.003353927625772286	0.0007332795561648177	-0.9715396448529645	0.04963756339537158	0.0730807189849615	0.0298948077523214	0.0904231651492971	0.0701461730572229	0.0	0.0389626402480004
118	0.009960391425908667	0.00244641192917055	0.0014272662618540453	-0.43486155954769606	0.05713339224022477	0.00966915191053122	0.003320130475302889	0.0014548437197143453	0.34656491167476006	0.05876735304277099	0.005766542404473439	0.0011067101584342964	0.0011465269617443534	0.48074852339401664	0.18132313883763546	0.011300093196644921	0.004193849021435228	0.001318678402663584	-0.21684114809975355	0.04658053233405746	0.1049195840146666	0.2117022615311365	0.1295178680344136	0.0814869633792233	0.0053743593909049	0.0401054033388829
119	0.007162570640031542	0.0011828098304639244	0.0010359517058436917	-0.21586690974737568	0.10571121874243924	0.007622552240767512	0.003614141148639769	0.0006013865732088258	-0.7242477705801792	0.0641178239319214	0.0023656196609278487	0.000657116572479958	0.0004444114054729631	0.2396295825354677	0.24522743178306258	0.008608227099487449	0.0030227362334078064	0.0007345162348225585	-0.5895785025613717	0.04724963919825512	0.1395283896925802	0.0192166227331126	0.0716665181454242	0.031832236864923	0.0505043695276707	0.0866339492763106
120	0.005325017989925642	0.0017750059966418806	0.0005360997226263339	-0.8957018022363662	0.034530070534841244	0.0074358359318781484	0.00326217318301751	0.0005986262275672799	-0.6946221489406592	0.01844561602828651	0.0033101463180618853	0.0011513552410650036	0.0005726982410474438	0.07615593603381281	0.06629076109134988	0.008059486687455025	0.0034060925881506357	0.0005732980073133657	-0.8027825997238054	0.014570862561053761	0.1094670982436119	0.0985583705921896	0.0863676870513121	0.0397676016170556	0.0	0.0225718642421169
121	0.00987397042770666	0.0030266944527141014	0.0015088632176144638	-0.1596321971721926	0.09539200591826832	0.010022824253249974	0.003175548278257418	0.0010320183252526592	-0.5248679062908299	0.06543138098493427	0.005606827428798254	0.0012404485461943039	0.0009601214645741356	0.19635801329937344	0.1876337358414382	0.010022824253249974	0.002927458569018557	0.0009518056285209934	-0.6919282139995923	0.06218974483345692	0.1587301306449985	0.1644542461292664	0.2128492136906161	0.0958775455315947	0.027816801965729	0.0632299422132458
122	0.007156401003119457	0.0018961404367239586	0.0009124505287359132	-0.5833157287461239	0.06937339398167723	0.009603033824698758	0.0039757783350663645	0.0010152496546561218	-0.44526452364077873	0.038859826471793556	0.00434277325830326	0.0009786531286317206	0.0007377033232224487	0.00465183573121147	0.15381707321765345	0.009970028747935653	0.004036944155605847	0.0009879850986227467	-0.536847635655378	0.029952168913907624	0.0563950377306535	0.2283090967976762	0.0909231927107794	0.1735131553037577	0.0462170433385089	0.1418025830772475
123	0.008920800696257615	0.001903829416884247	0.0011082180702199	-0.7261373880953411	0.04845460188363887	0.008322454308093995	0.0033181026979982593	0.0008816496826947432	-0.40946623590299525	0.04984941890307641	0.004623585726718886	0.0010879025239338555	0.0009628932862628515	0.792153170819019	0.1406255775693188	0.010008703220191472	0.003807658833768494	0.0008978188531850327	-0.6808646732065013	0.03628199701881554	0.0906701951392857	0.0687603905500149	0.0803745834007792	0.0080311726605715	0.0	0.0085167263090685
124	0.008400085064152548	0.002055717019919189	0.0007974282708826067	-1.160382580989458	0.05599393139849704	0.007762103920039697	0.0037570000708867938	0.00034768347256811506	-1.4885744093220152	0.0314353894386033	0.0030126887360884666	0.000992415113064436	0.00032853631783857625	-0.7610975958658304	0.09813921407250098	0.007655773729354221	0.0034734528957255264	0.00039547935336529304	-1.4527899873007377	0.014172605971613506	0.1271094733817271	0.0281762952396716	0.0991402001576435	0.0071840030813613	0.0031036487289713	0.0293860574411474
125	0.006488240064882401	0.0017842660178426601	0.0007839615749010942	-0.6947209301956009	0.051124020762107356	0.007785888077858881	0.0033414436334144363	0.0007195895019967523	-0.7935289433346323	0.02660667881110208	0.00291970802919708	0.001005677210056772	0.0005165893460614717	0.10035888268405699	0.10655837931428085	0.007980535279805353	0.0033738848337388485	0.0006331260272165291	-0.9834152514740429	0.024871643896694808	0.0860353141702003	0.1316273661394303	0.1240142363590295	0.0719838259853547	0.0354916281837339	0.0183567455040668
126	0.011126305320735953	0.002486325211337643	0.0019996318000063892	0.1482945526111605	0.09266899591437966	0.011250621581302835	0.003356539035305818	0.0015002222368023452	-0.08418595409501242	0.08856689017582585	0.0064022874191944305	0.0009323719542516161	0.0019740057055204177	1.8800121578971118	0.2593053918946566	0.012307309796121333	0.003294380905022377	0.0018770225829343706	0.33109247839341943	0.08307953945700684	0.2234670511577791	0.0052526845128833	0.0654069615525302	0.0677697930072431	0.0385409164070848	0.0310037056214943
127	0.009206380464749902	0.0022154391492713666	0.000809049847351829	-1.335388669102668	0.09152168503786547	0.007630957069712486	0.00334777471445451	0.000765670210675731	-0.6680995469545068	0.036851100089228546	0.0037416305632138637	0.0009354076408034659	0.0008483117656641128	0.7026600699020611	0.14277862053501325	0.008960220559275305	0.003593934619929106	0.0007690546714461656	-0.95155299083667	0.030939619506340756	0.196171294010643	0.0832451591465579	0.0935764719066502	0.0299390768365731	0.1766376959291137	0.0324169608135812
128	0.007670123335583237	0.001656746640485979	0.0008396667244220702	-0.9621576380211039	0.045270607819389984	0.008467816162483892	0.004111186107872615	0.0005300655939961165	-1.2435953472386176	0.0358475450392992	0.0025158004540713013	0.0007363318402159906	0.0003881578357808979	-0.13873068507162675	0.14335094305060814	0.00865189912253789	0.003927103147818617	0.00047699015073957756	-1.3947979584847328	0.030699264532140422	0.1763403369491581	0.2486337259072857	0.1703089210467969	0.111011413398952	0.1041323926145523	0.0192491556286154
129	0.00907364422874024	0.0016881198565098122	0.0013958522588714023	-0.3275299592895362	0.11320697235250418	0.008968136737708377	0.004114792150242667	0.0007977110502423089	-1.0239464131870835	0.03522322388779045	0.003692762186115214	0.0006330449461911796	0.0006477845308845244	-0.1348687692436055	0.10438623750007357	0.01002321164802701	0.004906098332981642	0.0007720233329542683	-1.2401514758245382	0.02882746092414747	0.2509479097180938	0.0670822356876874	0.2029109739514195	0.2362514522929777	0.0202001322013781	0.1063437868357289
130	0.010344616514659974	0.002081165452653486	0.0015416050851792165	-0.3016810653399513	0.07471153733663058	0.009732509028585419	0.002632062190120585	0.0008755922441054313	-0.7390434443849717	0.08523984522477865	0.006427128603782824	0.0009793719777192874	0.0011798707304507695	0.4045247000058714	0.15500840441277103	0.011691252984023995	0.003611434167839873	0.0011778419233268583	-0.513027592242726	0.059346247187423304	0.2408221515205851	0.050451446919923	0.1236086739644314	0.0603925984415648	0.0374455860214948	0.0016099138806413
131	0.009531134122558849	0.0020325761529376217	0.0012863819511701594	-0.7358745399832254	0.060843459755554954	0.008404977064850166	0.0032960694371961434	0.0007784125651710848	-0.8780921917647461	0.046085197432002005	0.0037904798527755653	0.000796550113989068	0.0006863124020777654	0.1408980840990635	0.20500663373132993	0.009448732386628945	0.0037355453621556295	0.0008537214103350368	-0.9189192562884353	0.03825880194933577	0.1591424423063877	0.1313079675361503	0.1336659836146013	0.0231335831475999	0.0442171595814719	0.0364901815111728
132	0.009521384928716905	0.0023930753564154784	0.0014265495527190837	-0.4182080985799321	0.08731573794341323	0.009572301425661914	0.003004073319755601	0.0013141167777167696	-0.029434993165509977	0.048024255027005774	0.0054989816700610995	0.0013238289205702647	0.001246108416756163	0.6581760612773647	0.12809904173329867	0.01094704684317719	0.003360488798370672	0.0013553974833214791	-0.3521368808472824	0.03725157808176793	0.1137610162510383	0.0389423185479942	0.0626312003629738	0.1039348132186804	0.0303933471005128	0.0465134765030174
133	0.009622130901072466	0.002104841134609602	0.0013706086887602372	-0.5656676685666276	0.05656422544256459	0.009171093515084695	0.0033577227623534127	0.001086895477525405	-0.3688931982045485	0.034814770266402076	0.004861180715645986	0.0015034579532925728	0.0010159561715095966	0.3677800161084324	0.11236360811140392	0.009321439310413952	0.003608299087902175	0.0009864413897275638	-0.6628931083189001	0.031202209758176568	0.1467411173928035	0.1284612602874197	0.1892641426931993	0.0667176938351983	0.0	0.0737043295900731
134	0.00813142135047525	0.002307565518378111	0.00082399813825292	-1.1259257957663207	0.05821136040425096	0.007142464699741773	0.003406406241415307	0.0007170138351671382	-0.4188355165386317	0.047538608687794866	0.0031866380968078676	0.0006593044338223175	0.0007265349270566379	0.9292854264626985	0.12180200329229646	0.008625899675841986	0.004285478819845063	0.0006472661371619574	-1.0106713282130946	0.02278702197281006	0.0402137223970008	0.0264128180170531	0.1070547936943876	0.0316291338920542	0.0233489918388797	0.0938817618372617
135	0.007417638633108246	0.00127890321260487	0.0012928050472493981	-0.0002065338611322399	0.07873115842605583	0.009259259259259259	0.003069367710251688	0.0007263943476755144	-0.9675957230676627	0.07070464664007978	0.003990178023327195	0.00127890321260487	0.0006901657504187732	-0.0385539337081405	0.09834382386325538	0.010742786985880909	0.004143646408839779	0.0005709318958295142	-1.538703690282778	0.04168991501999002	0.1813017755759437	0.1471842160703492	0.2356813468877672	0.1343161305854458	0.0543470557111636	0.0888973169639707
136	0.013065555999315342	0.0033091801220973354	0.002012608166594231	-0.34486668110680735	0.03757955511788573	0.014320762252524676	0.0062189764363553375	0.0015243482983166759	-0.46363820825157326	0.030988138626514783	0.007702402008330005	0.0016545900610486677	0.0014226709772215962	0.24216839102274054	0.07503793893600955	0.013807268785302676	0.004963770183146004	0.001517788665047957	-0.49992104392672	0.02650228352483322	0.1047617484300969	0.1046857626607048	0.1021871178828833	0.0511233479131307	0.0418311954667446	0.015837613331116
137	0.017901096442157084	0.004083687625867085	0.0020816002201587973	-1.0010330447115046	0.06867992665213914	0.015439695681360483	0.00632132468113672	0.0010022075841923	-1.5179668239301773	0.07008005989168255	0.005538151711792347	0.00190199149697919	0.0007019536459057025	-1.0888059818294367	0.07828199705488866	0.015719400313269186	0.0057619154173193105	0.000944239789719322	-1.626403421969769	0.06696530005197342	0.1605732464450372	0.0667290736401594	0.1342886705964954	0.0642447289789234	0.0164316135193196	0.0449745217875829
138	0.006211483908833024	0.0021520101731390003	0.0007598662425962875	-0.8220300577669114	0.04588454995990692	0.007238579673285729	0.002543284750073364	0.0007893746185659877	-0.501676121073024	0.03578238478731315	0.003325833903942091	0.0005380025432847501	0.0006065319372057378	0.10370721843560293	0.1122032714015793	0.008852587303139979	0.0034236525481756825	0.0007382616952789149	-0.969839037627024	0.023770063267260236	0.0650088434287632	0.0951530366645672	0.0413664379646883	0.171655446913224	0.0202079306673491	0.0948780972517844
139	0.007628829256708621	0.0023747328425552127	0.0009440135332619002	-0.8506086291205941	0.04787743617551892	0.008252196627879363	0.0034730467822369983	0.0006597800577609848	-1.092447248421724	0.03957033789318603	0.003918309190216101	0.001335787223937307	0.0005884283641232319	-0.22573692948995577	0.1959260250456809	0.009944193778199953	0.00385894086915222	0.000705888632862897	-1.2461981177809736	0.03689431039710399	0.1278302285336659	0.045191737811984	0.0935099040049157	0.2751130018029864	0.1943388500895992	0.061896912411545
140	0.009401094951059006	0.0030415307194602667	0.0012028601620138234	-0.5575552271010877	0.0757151604026087	0.009732898302272853	0.003483935187745396	0.0011436267444907685	-0.26475831331466626	0.07180257749711008	0.005198252502350274	0.0012166122877841066	0.001202468620221062	0.9079934405435713	0.1809777291975381	0.010838909472985677	0.003705137421887961	0.0012674493582041455	-0.19276188937590802	0.06438489662468808	0.0787506614127514	0.1091930958867254	0.0492299418013707	0.0068040991790241	0.0401018044049598	0.0051861661587348
141	0.009166378415773089	0.0021618817018332756	0.0010863813038687984	-0.8141367613618268	0.04878099702325547	0.007307160152196472	0.0034590107229332413	0.000826518873732106	-0.2875187865229161	0.03594566023583324	0.0034590107229332413	0.0009944655828433068	0.0007107176052591359	0.6717490403826992	0.14312335507672289	0.008734002075406434	0.003718436527153234	0.0008962762702241498	-0.40399366669364456	0.03038454936077337	0.0775964812937191	0.0856979798026662	0.0646420086741577	0.0310373107552972	0.0027650439221416	0.0516913423488453
142	0.010368663594470046	0.0016129032258064516	0.002041473709232021	0.46712740895359833	0.08430855501976109	0.010944700460829493	0.003859447004608295	0.0018185117293940455	0.6499588557680718	0.06528319692657131	0.00783410138248848	0.001152073732718894	0.0018516154933581309	0.9362708562959483	0.1376111000530945	0.012730414746543779	0.003686635944700461	0.001764612599258696	0.09889106850040763	0.051350477671137554	0.0644670054106314	0.0100360052277038	0.05535291955555	0.0540901990153905	0.0103176774803877	0.0319047615221155
143	0.012783416108831786	0.0030231051608723817	0.0016984890331252934	-0.6533680350525847	0.05066860654468484	0.010796804145972791	0.0032822284603757287	0.0013255245108794449	-0.15129068287479647	0.05940923490461003	0.006607644137335349	0.0012524292809328438	0.0014023126746456295	0.6750961803801071	0.12238580746393347	0.013258475491254588	0.004534657741308573	0.0013067280398042578	-0.6979631280291377	0.041629119698414256	0.1089645393819095	0.0889751253353256	0.1223350447895001	0.042959833357885	0.0114440649924604	0.0346755539091743
144	0.008952254641909815	0.0022656940760389034	0.0010960475690039845	-0.911878055964825	0.035091973147513056	0.008731211317418214	0.003978779840848806	0.00043427339836128406	-1.616714623465905	0.02265721368918059	0.003812997347480106	0.0011052166224580018	0.0007601547270414764	0.2744781951552576	0.10301129065557102	0.009228558797524315	0.0046971706454465075	0.0005603902366094508	-1.498923614785942	0.015705665381731692	0.2638044869420247	0.047786847154768	0.1832529290903481	0.2028648599754345	0.0037209608506427	0.1216553733774525
145	0.009436611806998821	0.002471493568499691	0.0010369805604795654	-0.9378591987456458	0.044413526758307	0.008425546256248946	0.0031455372689996068	0.0005604815196043068	-1.2440364446378915	0.034727302510106806	0.0033140481941245858	0.0011795764758748526	0.0006661300742781881	0.5474334010195717	0.16104376711700588	0.010784699207998651	0.004605965286749425	0.0005886366803639957	-1.4361854296649292	0.02350701186533059	0.2765741242142786	0.0522952106630554	0.2540707734939557	0.0408976385892544	0.0105826399266294	0.0200838576853649
146	0.016092511725699497	0.003113375384117742	0.00257160078608442	-0.36587300541423223	0.07881482053112887	0.011361798479702409	0.0032346757237586934	0.0016079191894531985	0.0113467734886323	0.11604469615915719	0.0054585152838427945	0.001455604075691412	0.0008886605924240682	-0.1424740900311213	0.17510025046408834	0.013060003234675724	0.003962477761604399	0.0007903959207357408	-1.4058206901764783	0.08627598342254157	0.1503866073690636	0.0820305404675337	0.3272210648223592	0.0319544434284164	0.1244672001291846	0.024359373659221
